3.000000000000000000e+00
0.000000000000000000e+00
0.000000000000000000e+00
1.300000000000000000e+01
7.000000000000000000e+00
1.600000000000000000e+01
4.900000000000000000e+01
1.500000000000000000e+01
5.800000000000000000e+01
2.900000000000000000e+01
3.000000000000000000e+00
1.300000000000000000e+01
1.600000000000000000e+01
2.000000000000000000e+00
0.000000000000000000e+00
3.000000000000000000e+00
1.400000000000000000e+01
2.200000000000000000e+01
3.000000000000000000e+00
4.100000000000000000e+01
5.600000000000000000e+01
2.500000000000000000e+01
2.500000000000000000e+01
1.000000000000000000e+01
2.800000000000000000e+01
0.000000000000000000e+00
2.800000000000000000e+01
2.800000000000000000e+01
4.100000000000000000e+01
2.000000000000000000e+00
2.000000000000000000e+00
3.100000000000000000e+01
